N	//directed
N	//weighted
64	//number of vertices
21	//(out) degree of vertex 1
2	
3
4
5
6
7
8
9
10
17
19
25
28
33
37
41
46
49
55
57
64
21    //(out) degree of vertex 2
1
3
4
5
6
7
8
9
10
11
18
20
26
29
34
38
42
47
50
56
58
21   //(out) degree of vertex 3
2
1
4
5
6
7
8
10
11
12
17
19
21
27
30
35
39
43
48
51
59
21   //(out) degree of vertex 4
3
2
1
5
6
7
8
11
12
13
18
20
22
25
28
31
36
40
44
52
60
21   //(out) degree of vertex 5
4
3
2
1
6
7
8
12
13
14
19
21
23
26
29
32
33
37
45
53
61
21   //(out) degree of vertex 6
1
2
3
4
5
7
8
13
14
15
20
22
24
27
30
34
38
41
46
54
62
21   //(out) degree of vertex 7
1
2
3
4
5
6
8
14
15
16
21
23
28
31
35
39
42
47
49
55
63
21   //(out) degree of vertex 8
1
2
3
4
5
6
7
15
16
22
24
29
32
36
40
43
48
50
56
57
64
21   //(out) degree of vertex 9
1
2
10
11
12
13
14
15
16
17
18
25
27
33
36
41
45
49
54
57
63
23   //(out) degree of vertex 10
1
2
3
9
11
12
13
14
15
16
17
18
19
26
28
34
37
42
46
50
55
58
64
23   //(out) degree of vertex 11
2
3
4
9
10
12
13
14
15
16
18
19
20
25
27
29
35
38
43
47
51
56
59
23   //(out) degree of vertex 12
3
4
5
9
10
11
13
14
15
16
19
20
21
26
28
30
33
36
39
44
48
52
60
23   //(out) degree of vertex 13
4
5
6
9
10
11
12
14
15
16
20
21
22
27
29
31
34
37
40
41
45
53
61
23   //(out) degree of vertex 14
5
6
7
9
10
11
12
13
15
16
21
22
23
28
30
32
35
38
42
46
49
54
62
23   //(out) degree of vertex 15
6
7
8
9
10
11
12
13
14
16
22
23
24
29
31
36
39
43
47
50
55
57
63
21   //(out) degree of vertex 16
7
8
9
10
11
12
13
14
15
23
24
30
32
37
40
44
48
51
56
58
64
21   //(out) degree of vertex 17
1
9
10
3
18
19
20
21
22
23
24
25
33
41
49
57
26
35
44
53
62
23   //(out) degree of vertex 18
9
10
2
11
4
17
19
20
21
22
23
24
25
26
27
34
36
42
45
50
54
58
63
25   //(out) degree of vertex 19
1
3
5
10
11
12
17
18
20
21
22
23
24
26
27
28
33
35
37
43
46
51
55
59
64
25   //(out) degree of vertex 20
2
4
6
11
12
13
17
18
19
21
22
23
24
27
28
29
34
36
38
41
44
47
52
56
60
25   //(out) degree of vertex 21
3
5
7
12
13
14
17
18
19
20
22
23
24
28
29
30
35
37
39
42
45
48
49
53
61
25   //(out) degree of vertex 22
4
6
8
13
14
15
17
18
19
20
21
23
24
29
30
31
36
38
40
43
46
50
54
57
62
23   //(out) degree of vertex 23
5
7
14
15
16
17
18
19
20
21
22
24
30
31
32
37
39
44
47
51
55
58
63
21   //(out) degree of vertex 24
6
8
15
16
17
18
19
20
21
22
23
31
32
38
40
45
48
52
56
59
64
21   //(out) degree of vertex 25
17
9
1
18
11
4
26
27
28
29
30
31
32
33
34
41
43
49
52
57
61
23   //(out) degree of vertex 26
17
18
10
2
19
12
5
25
27
28
29
30
31
32
33
34
35
42
44
50
53
58
62
25   //(out) degree of vertex 27
18
9
19
11
3
20
13
6
25
26
28
29
30
31
32
34
35
36
41
43
45
51
54
59
63
27   //(out) degree of vertex 28
19
10
1
20
12
4
21
14
7
25
26
27
29
30
31
32
35
36
37
42
44
46
49
52
55
60
64
27   //(out) degree of vertex 29
20
11
2
21
13
5
22
15
8
25
26
27
28
30
31
32
36
37
38
43
45
47
50
53
56
57
61
25   //(out) degree of vertex 30
21
12
3
22
14
6
23
16
25
26
27
28
29
31
32
37
38
39
44
46
48
51
54
58
62
23   //(out) degree of vertex 31
22
13
4
23
15
7
24
25
26
27
28
29
30
32
38
39
40
45
47
52
55
59
63
21   //(out) degree of vertex 32
23
14
5
24
16
8
25
26
27
28
29
30
31
39
40
46
48
53
56
60
64
21   //(out) degree of vertex 33
25
17
9
1
26
19
12
5
34
35
36
37
38
39
40
41
42
49
51
57
60
23   //(out) degree of vertex 34
25
26
18
10
2
27
20
13
6
33
35
36
37
38
39
40
41
42
43
50
52
58
61
25   //(out) degree of vertex 35
26
17
27
19
11
3
28
21
14
7
33
34
36
37
38
39
40
42
43
44
49
51
53
59
62
27   //(out) degree of vertex 36
27
18
9
28
20
12
4
29
22
15
8
33
34
35
37
38
39
40
43
44
45
50
52
54
57
60
63
27   //(out) degree of vertex 37
28
19
10
1
29
21
13
5
30
23
16
33
34
35
36
38
39
40
44
45
46
51
53
55
58
61
64
25   //(out) degree of vertex 38
29
20
11
2
30
22
14
6
31
24
33
34
35
36
37
39
40
45
46
47
52
54
56
59
62
23   //(out) degree of vertex 39
30
21
12
3
31
23
15
7
32
33
34
35
36
37
38
40
46
47
48
53
55
60
63
21   //(out) degree of vertex 40
31
22
13
4
32
24
16
8
33
34
35
36
37
38
39
47
48
54
56
61
64
21   //(out) degree of vertex 41
33
25
17
9
1
34
27
20
13
6
42
43
44
45
46
47
48
49
50
57
59
23   //(out) degree of vertex 42
33
34
26
18
10
2
35
28
21
14
7
41
43
44
45
46
47
48
49
50
51
58
60
25   //(out) degree of vertex 43
34
25
35
27
19
11
3
36
29
22
15
8
41
42
44
45
46
47
48
50
51
52
57
59
61
25   //(out) degree of vertex 44
35
26
17
36
28
20
12
4
37
30
23
16
41
42
43
45
46
47
48
51
52
53
58
60
62
25   //(out) degree of vertex 45
36
27
18
9
37
29
21
13
5
38
31
24
41
42
43
44
46
47
48
52
53
54
59
61
63
25   //(out) degree of vertex 46
37
28
19
10
1
38
30
22
14
6
39
32
41
42
43
44
45
47
48
53
54
55
60
62
64
23   //(out) degree of vertex 47
38
29
20
11
2
39
31
23
15
7
40
41
42
43
44
45
46
48
54
55
56
61
63
21   //(out) degree of vertex 48
39
30
21
12
3
40
32
24
16
8
41
42
43
44
45
46
47
55
56
62
64
21   //(out) degree of vertex 49
41
33
25
17
9
1
42
35
28
21
14
7
50
51
52
53
54
55
56
57
58
23   //(out) degree of vertex 50
41
42
34
26
18
10
2
43
36
29
22
15
8
49
51
52
53
54
55
56
57
58
59
23   //(out) degree of vertex 51
42
33
43
35
27
19
11
3
44
37
30
23
16
49
50
52
53
54
55
56
58
59
60
23   //(out) degree of vertex 52
43
34
25
44
36
28
20
12
4
45
38
31
24
49
50
51
53
54
55
56
59
60
61
23  //(out) degree of vertex 53
44
35
26
17
45
37
29
21
13
5
46
39
32
49
50
51
52
54
55
56
60
61
62
23   //(out) degree of vertex 54
45
36
27
18
9
46
38
30
22
14
6
47
40
49
50
51
52
53
55
56
61
62
63
23   //(out) degree of vertex 55
46
37
28
19
10
1
47
39
31
23
15
7
48
49
50
51
52
53
54
56
62
63
64
21   //(out) degree of vertex 56
47
38
29
20
11
2
48
40
32
24
16
8
49
50
51
52
53
54
55
63
64
21   //(out) degree of vertex 57
49
41
33
25
17
9
1
50
43
36
29
22
15
8
58
59
60
61
62
63
64
21   //(out) degree of vertex 58
49
50
42
34
26
18
10
2
51
44
37
30
23
16
57
59
60
61
62
63
64
21   //(out) degree of vertex 59
50
41
51
43
35
27
19
11
3
52
45
38
31
24
57
58
60
61
62
63
64
21   //(out) degree of vertex 60
51
42
33
52
44
36
28
20
12
4
53
46
39
32
57
58
59
61
62
63
64
21   //(out) degree of vertex 61
52
43
34
25
53
45
37
29
21
13
5
54
47
40
57
58
59
60
62
63
64
21   //(out) degree of vertex 62
53
44
35
26
17
54
46
38
30
22
14
6
55
48
57
58
59
60
61
63
64
21   //(out) degree of vertex 63
54
45
36
27
18
9
55
47
39
31
23
15
7
56
57
58
59
60
61
62
64
21   //(out) degree of vertex 64
55
46
37
28
19
10
1
56
48
40
32
24
16
8
57
58
59
60
61
62
63




