N     // Directed
N     // Weighted
30    // Number of Vertices
20    // Degree of vertex 1
11
12
13
14
15
16
17
18
19
20
21
22
23
24
25
26
27
28
29
30
20    // Degree of vertex 2
11
12
13
14
15
16
17
18
19
20
21
22
23
24
25
26
27
28
29
30
20    // Degree of vertex 3
11
12
13
14
15
16
17
18
19
20
21
22
23
24
25
26
27
28
29
30
20    // Degree of vertex 4
11
12
13
14
15
16
17
18
19
20
21
22
23
24
25
26
27
28
29
30
20    // Degree of vertex 5
11
12
13
14
15
16
17
18
19
20
21
22
23
24
25
26
27
28
29
30
20    // Degree of vertex 6
11
12
13
14
15
16
17
18
19
20
21
22
23
24
25
26
27
28
29
30
20    // Degree of vertex 7
11
12
13
14
15
16
17
18
19
20
21
22
23
24
25
26
27
28
29
30
20    // Degree of vertex 8
11
12
13
14
15
16
17
18
19
20
21
22
23
24
25
26
27
28
29
30
20    // Degree of vertex 9
11
12
13
14
15
16
17
18
19
20
21
22
23
24
25
26
27
28
29
30
20    // Degree of vertex 10
11
12
13
14
15
16
17
18
19
20
21
22
23
24
25
26
27
28
29
30
20    // Degree of vertex 11
1
2
3
4
5
6
7
8
9
10
21
22
23
24
25
26
27
28
29
30
20    // Degree of vertex 12
1
2
3
4
5
6
7
8
9
10
21
22
23
24
25
26
27
28
29
30
20    // Degree of vertex 13
1
2
3
4
5
6
7
8
9
10
21
22
23
24
25
26
27
28
29
30
20    // Degree of vertex 14
1
2
3
4
5
6
7
8
9
10
21
22
23
24
25
26
27
28
29
30
20    // Degree of vertex 15
1
2
3
4
5
6
7
8
9
10
21
22
23
24
25
26
27
28
29
30
20    // Degree of vertex 16
1
2
3
4
5
6
7
8
9
10
21
22
23
24
25
26
27
28
29
30
20    // Degree of vertex 17
1
2
3
4
5
6
7
8
9
10
21
22
23
24
25
26
27
28
29
30
20    // Degree of vertex 18
1
2
3
4
5
6
7
8
9
10
21
22
23
24
25
26
27
28
29
30
20    // Degree of vertex 19
1
2
3
4
5
6
7
8
9
10
21
22
23
24
25
26
27
28
29
30
20    // Degree of vertex 20
1
2
3
4
5
6
7
8
9
10
21
22
23
24
25
26
27
28
29
30
20    // Degree of vertex 21
1
2
3
4
5
6
7
8
9
10
11
12
13
14
15
16
17
18
19
20
20    // Degree of vertex 22
1
2
3
4
5
6
7
8
9
10
11
12
13
14
15
16
17
18
19
20
20    // Degree of vertex 23
1
2
3
4
5
6
7
8
9
10
11
12
13
14
15
16
17
18
19
20
20    // Degree of vertex 24
1
2
3
4
5
6
7
8
9
10
11
12
13
14
15
16
17
18
19
20
20    // Degree of vertex 25
1
2
3
4
5
6
7
8
9
10
11
12
13
14
15
16
17
18
19
20
20    // Degree of vertex 26
1
2
3
4
5
6
7
8
9
10
11
12
13
14
15
16
17
18
19
20
20    // Degree of vertex 27
1
2
3
4
5
6
7
8
9
10
11
12
13
14
15
16
17
18
19
20
20    // Degree of vertex 28
1
2
3
4
5
6
7
8
9
10
11
12
13
14
15
16
17
18
19
20
20    // Degree of vertex 29
1
2
3
4
5
6
7
8
9
10
11
12
13
14
15
16
17
18
19
20
20    // Degree of vertex 30
1
2
3
4
5
6
7
8
9
10
11
12
13
14
15
16
17
18
19
20
